12255 28693
0.0000001
31430 27660
0.01
27472 17649
0.00000001
28321 5114
0.1
426 17476
0.000001
20107 11963
0.0001
12517 1231
0.0000001
28211 31193
0.1
4352 23849
0.1
3131 26922
0.0001
4959 7969
0.0001
14615 7253
0.0000001
2583 15487
0.001
26006 25386
0.001
27515 14585
0.001
12415 26860
0.00000001
31684 31612
0.0000001
11459 15891
0.000001
27070 17699
0.01
25136 30017
0.00001
3238 24166
0.1
18610 13136
0.01
8393 31590
0.000001
635 15306
0.00000001
28046 32368
0.0000001
13235 31275
0.0000001
31453 11260
0.001
5753 7609
0.00001
13616 9690
0.000001
24663 24793
0.00000001
26284 11086
0.01
19078 22058
0.000001
4367 14919
0.1
8326 25800
0.01
18274 20980
0.00000001
12543 19085
0.0000001
30629 20833
0.000001
27361 22056
0.0001
29683 19692
0.0001
25919 25686
0.0001
18386 19370
0.001
6746 21175
0.000001
20902 14872
0.0000001
20182 24547
0.00000001
391 4517
0.1
1041 9168
0.00001
21986 19709
0.01
267 15533
0.00000001
946 20261
0.000001
32624 19382
0.000001
31543 30649
0.0001
29332 15027
0.0000001
31596 18676
0.1
15497 19997
0.1
30127 21573
0.01
2452 4386
0.001
28768 10407
0.1
1198 32761
0.00000001
12886 18925
0.001
14293 19016
0.00000001
6782 23232
0.000001
16721 27274
0.1
28167 11020
0.0001
9030 28858
0.001
27872 23300
0.001
25886 3495
0.1
28536 18187
0.1
5814 31171
0.01
508 2846
0.001
4950 3402
0.1
12424 11419
0.0001
14034 6416
0.001
21771 28533
0.0001
8558 5725
0.00001
711 6193
0.01
14172 27034
0.001
29880 28233
0.1
20200 1730
0.001
31558 19138
0.001
3245 6098
0.00000001
6924 27924
0.001
20336 9384
0.1
12704 17600
0.01
21869 30995
0.1
22169 26655
0.1
826 28940
0.001
7753 8532
0.000001
30864 15428
0.00001
12517 24675
0.0000001
31130 24972
0.001
9237 3548
0.0000001
13204 8139
0.1
32281 15265
0.00001
6628 3443
0.01
4363 6567
0.001
5368 22714
0.000001
16873 29380
0.00000001
3717 6658
0.000001
8810 23022
0.001
7935 5940
0.01
21958 10869
0.000001
20066 29179
0.00001
22524 7702
0.1
3750 21535
0.000001
15426 4607
0.00001
24688 5235
0.01
8858 12324
0.0001
738 21520
0.1
19907 9318
0.0001
13716 1752
0.00001
14847 23936
0.0000001
30 2931
0.001
10859 10178
0.000001
13500 13888
0.0000001
9681 17390
0.000001
3059 20473
0.0001
7494 1760
0.001
21822 21492
0.000001
17901 7881
0.01
23849 839
0.000001
23732 24859
0.00000001
25455 31036
0.0000001
26097 4225
0.000001
23534 8923
0.1
21529 27766
0.01
19335 7788
0.001
10255 9302
0.1
28244 26945
0.000001
25283 1534
0.0000001
1716 12591
0.001
21264 1110
0.000001
19728 27766
0.000001
15387 3166
0.00001
1660 22034
0.0000001
20390 8083
0.01
23665 26012
0.0001
21775 24771
0.00001
14935 8531
0.001
24822 15529
0.000001
17822 3551
0.1
2751 10738
0.01
2956 21226
0.001
25701 13423
0.00001
19476 15527
0.0000001
28261 13734
0.000001
27468 25048
0.1
9378 20732
0.0000001
7006 13054
0.00000001
25226 5167
0.00001
20236 25262
0.0001
3059 3293
0.000001
2325 16451
0.0000001
30054 19015
0.000001
14119 5473
0.0001
16836 11924
0.00000001
1819 11279
0.0000001
9366 13623
0.000001
7091 9805
0.0001
32620 31827
0.000001
16915 4455
0.0001
30213 32042
0.0000001
23458 28294
0.0000001
10306 1017
0.001
10275 5923
0.0000001
4628 12752
0.00000001
2589 16230
0.000001
28895 13132
0.00000001
21485 12702
0.000001
19211 27959
0.000001
13852 1363
0.1
8629 15480
0.0000001
6090 22942
0.0001
15812 6373
0.01
2121 19919
0.00001
16592 712
0.000001
9544 25734
0.0001
30612 12601
0.0001
21271 31942
0.00001
12010 2979
0.00001
3302 27065
0.0001
19837 8963
0.00000001
28957 15635
0.0001
949 12232
0.001
4622 24912
0.00000001
20626 8032
0.00000001
3511 30803
0.01
13668 2253
0.00001
3923 26624
0.0001
2985 475
0.1
13279 25069
0.00001
22394 22229
0.00000001
26347 21573
0.0000001
30279 9409
0.1
16200 24929
0.01
31959 23184
0.1
15215 2259
0.00001
18632 16324
0.1
3004 26576
0.0001
2303 24440
0.01
27857 12349
0.0001
7629 11475
0.000001
32439 31948
0.00001
31917 29257
0.0000001
5533 19942
0.1
3306 12088
0.000001
18243 3681
0.001
2455 32705
0.00000001
1139 20520
0.001
10896 6386
0.00000001
28693 20579
0.00001
31107 22425
0.1
28099 4035
0.1
6455 27220
0.0001
8168 14073
0.000001
13449 20419
0.00000001
20939 26759
0.00000001
6096 18398
0.00001
9241 22633
0.1
29354 996
0.000001
21198 22341
0.00000001
14697 25179
0.001
8580 16933
0.000001
25745 27924
0.1
30614 18674
0.00000001
12834 11579
0.00001
1949 3350
0.0001
24488 19924
0.00000001
5675 1820
0.0000001
25935 32562
0.000001
8658 15656
0.00000001
22878 11855
0.00000001
25300 28050
0.00001
8429 30992
0.000001
25375 14358
0.00001
15799 25812
0.000001
24398 21838
0.1
12874 20195
0.0001
18417 24438
0.00001
27924 26259
0.00001
9803 24742
0.0001
16367 20298
0.01
27199 6662
0.0000001
27971 23703
0.01
20270 5298
0.000001
5329 17691
0.1
9190 22585
0.01
6601 14596
0.00001
26116 27648
0.00000001
18616 3897
0.000001
23365 24572
0.1
24430 18577
0.01
13252 20086
0.01
29167 2734
0.0001
22041 27597
0.0000001
20233 31816
0.00000001
21194 6790
0.000001
19500 11023
0.001
11930 26878
0.00001
5005 26491
0.1
19345 11160
0.00001
193 23825
0.00000001
18134 24902
0.01
5972 11785
0.001
13744 2484
0.1
31748 3942
0.000001
22092 23432
0.001
25770 24274
0.00001
6423 11886
0.001
31739 32221
0.00001
28108 16359
0.001
3485 30327
0.00001
2954 2839
0.000001
17483 6841
0.01
3469 2825
0.00001
9987 1622
0.00000001
18013 15392
0.0001
9058 12880
0.0000001
10639 23722
0.00000001
8907 15301
0.001
12401 5585
0.0000001
13539 9448
0.001
14387 11620
0.01
5511 17293
0.1
6254 30251
0.001
3410 21197
0.0001
10007 14269
0.00000001
13114 17833
0.000001
6977 2074
0.01
15103 5814
0.01
21047 24689
0.00001
3934 30015
0.001
29400 25566
0.00000001
18487 27225
0.0000001
22849 10753
0.01
27704 28894
0.1
10524 14523
0.1
10921 4428
0.000001
28471 32636
0.000001
9568 28409
0.001
27439 27615
0.00000001
19478 26142
0.1
75 25227
0.00001
395 29347
0.000001
30951 22675
0.01
6204 9654
0.0000001
18934 18626
0.000001
30618 1165
0.0001
27785 7589
0.01
15363 21739
0.00001
16730 13350
0.00000001
13032 11324
0.1
22218 9236
0.000001
488 7267
0.001
25562 21241
0.0001
25295 9614
0.0001
27394 19197
0.01
30634 14000
0.01
19958 13005
0.01
8571 3695
0.01
14258 25797
0.0001
18739 19623
0.0001
13419 21191
0.00001
32243 2262
0.000001
10040 29063
0.00000001
31944 23555
0.001
7050 8498
0.00000001
30052 3334
0.00001
17616 17087
0.00001
31860 1083
0.000001
26840 12360
0.00001
26543 26626
0.00000001
462 29752
0.00000001
6321 21920
0.00000001
10983 11836
0.0001
21301 8785
0.01
30489 26162
0.0000001
28760 32442
0.001
13171 27787
0.1
25570 19187
0.00001
24299 9431
0.1
27083 29666
0.0001
24512 643
0.01
8567 25251
0.0000001
17095 26848
0.00001
10592 27939
0.00000001
11058 22291
0.00000001
18716 25421
0.01
6585 7555
0.00000001
12559 22094
0.0000001
26669 7636
0.001
7717 8146
0.0001
21205 6047
0.001
5471 3419
0.0000001
15151 4952
0.001
15907 30714
0.001
2025 27178
0.0001
29581 2823
0.0001
13354 1202
0.0001
17454 7353
0.0001
21636 985
0.0001
5374 20906
0.00001
8742 28229
0.01
18288 24742
0.00001
3372 529
0.01
27622 15961
0.01
32023 15824
0.000001
245 20664
0.1
21210 25869
0.000001
21817 6204
0.0001
508 954
0.00000001
9393 4418
0.001
16057 4432
0.00000001
19410 31280
0.0001
23864 8090
0.000001
14802 15152
0.000001
8736 19022
0.001
30945 29344
0.00000001
32564 13321
0.0001
32327 13699
0.0001
5836 4693
0.0001
19866 30111
0.001
30517 28076
0.0001
8592 18186
0.0001
23393 7104
0.00000001
4635 32074
0.0001
28794 27003
0.00000001
25287 23650
0.1
14371 14175
0.00001
5533 29788
0.1
11673 18007
0.000001
24047 15919
0.00000001
26608 27680
0.0000001
27614 18194
0.0001
7706 11723
0.0001
5243 13211
0.1
16769 9218
0.000001
25549 13889
0.000001
27220 24609
0.0001
32033 19727
0.1
7393 6715
0.000001
9078 18612
0.001
4488 4008
0.01
9952 21297
0.0000001
12589 30376
0.1
5424 30411
0.00001
30267 5955
0.0001
15183 5661
0.00001
26253 17012
0.00000001
4613 27729
0.0001
29912 22581
0.1
27688 6374
0.00000001
22642 8716
0.0000001
30050 31900
0.000001
24709 19243
0.000001
6164 21839
0.001
1040 65
0.01
1535 9451
0.001
580 4234
0.00001
12983 5062
0.00000001
24350 5822
0.01
24592 14587
0.001
30286 3065
0.000001
15358 5025
0.00000001
21196 32685
0.00001
19628 5611
0.001
940 22322
0.001
21160 32667
0.0001
22277 15524
0.000001
12924 30545
0.00001
18966 6149
0.0000001
11794 27280
0.0001
10726 24277
0.00000001
2984 19100
0.0000001
25103 1452
0.0000001
2887 20600
0.00000001
24445 15477
0.1
3326 7340
0.0000001
19264 10581
0.0001
22855 22433
0.0001
17862 24428
0.00001
27236 32174
0.0001
17685 9709
0.00000001
12438 20016
0.00000001
22754 6463
0.1
25727 30525
0.0000001
28054 4905
0.0000001
25096 8153
0.00000001
17305 26682
0.01
2980 28854
0.001
17031 14299
0.00000001
10443 16349
0.00000001
10258 6624
0.0001
25598 7643
0.01
24770 12146
0.00001
19381 17221
0.0001
11473 22167
0.0000001
22272 21420
0.01
7635 18129
0.0000001
14799 10077
0.0000001
2544 654
0.0000001
7693 24448
0.0000001
22484 7252
0.000001
28192 114
0.1
4769 8178
0.0001
4710 15466
0.01
6026 20256
0.0000001
9918 3278
0.000001
30435 7761
0.01
3667 17098
0.1
24768 18858
0.0000001
15122 26612
0.0001
14723 17230
0.01
19348 11825
0.00000001
19684 29578
0.0000001
7531 23064
0.001
5718 6278
0.1
27402 5497
0.00000001
19423 22144
0.1
21446 32737
0.001
21684 2753
0.0000001
4513 12581
0.000001
10041 710
0.001
29659 18017
0.01
16951 9820
0.001
18048 3061
0.000001
9068 16024
0.1
28266 30548
0.00001
20917 7414
0.00001
32371 31181
0.1
23431 19713
0.00000001
13767 20888
0.1
6778 89
0.0001
152 28871
0.0001
13063 22504
0.00000001
2979 27117
0.1
13258 24234
0.1
4168 8342
0.01
31217 18778
0.01
541 20461
0.1
10390 11220
0.0001
2119 25629
0.0001
7987 8216
0.001
31752 13134
0.001
32637 9265
0.000001
21295 26960
0.0000001
3388 2915
0.00000001
14461 1365
0.01
4869 5241
0.0000001
27930 11081
0.0000001
3289 23047
0.001
13732 21149
0.00001
13849 13040
0.01
23182 6829
0.01
19026 2213
0.0001
30398 20745
0.00001
24774 30155
0.000001
16557 4161
0.0000001
22725 31557
0.0001
31094 24071
0.01
24881 4834
0.000001
2716 26055
0.0000001
20417 11803
0.000001
26217 26886
0.01
19676 5275
0.001
18483 20766
0.0001
24358 27031
0.0000001
18675 1593
0.001
11801 12309
0.00000001
12774 23961
0.00000001
30011 17843
0.00000001
23099 9612
0.01
10702 18580
0.000001
32243 8095
0.1
21264 2168
0.01
11136 10727
0.0001
6506 19501
0.01
29389 32387
0.001
11030 11218
0.01
15269 23713
0.0001
21798 21937
0.00001
25287 12453
0.00001
9724 5781
0.0001
17403 31047
0.00001
10880 16350
0.01
32004 17865
0.00000001
27083 21711
0.00001
18510 19853
0.01
15093 5571
0.00001
8093 23478
0.0001
32580 23375
0.0001
13873 10644
0.001
16126 3188
0.01
5908 22802
0.00001
12665 8821
0.1
8077 7262
0.001
26956 29166
0.0001
30456 19068
0.000001
17322 9275
0.01
23655 14478
0.0000001
26182 15692
0.00000001
30681 15851
0.0001
6497 2435
0.01
8177 23908
0.00000001
13251 11307
0.1
1646 14406
0.00001
11472 4770
0.01
19668 16375
0.0001
19715 6490
0.00001
28676 8515
0.01
28521 1837
0.0001
5307 12467
0.1
26355 30918
0.00000001
22570 16772
0.01
28863 14595
0.000001
12067 22805
0.001
14498 9379
0.00000001
25498 12014
0.00000001
26524 26267
0.00001
13153 28070
0.00000001
3069 26590
0.1
17513 17229
0.0000001
31074 2191
0.001
25075 4149
0.1
4818 29123
0.01
4977 31013
0.0001
23462 22119
0.01
26891 24152
0.01
15363 7914
0.00000001
8958 19162
0.001
11274 3754
0.00000001
28760 26660
0.00001
1290 17254
0.01
14008 28675
0.000001
6746 20002
0.000001
30743 2859
0.0001
940 25136
0.00001
19664 5386
0.001
16618 622
0.00001
22362 28086
0.00001
9217 32209
0.00000001
25710 26887
0.00001
18222 17357
0.00000001
26007 5699
0.01
22179 28238
0.001
27993 7646
0.000001
10906 8745
0.00000001
7027 23361
0.00000001
11061 26712
0.0001
19688 13975
0.01
18876 12642
0.0001
14032 9994
0.0000001
4887 8628
0.01
9256 16381
0.000001
3479 24796
0.0000001
11796 19488
0.001
18535 16103
0.000001
17229 20345
0.1
19777 27211
0.0000001
32443 26028
0.01
5434 30245
0.0000001
30302 25647
0.001
18367 25533
0.001
8990 51
0.000001
30491 4988
0.00001
5915 1626
0.000001
20511 16615
0.00001
15237 1690
0.0001
23235 19004
0.1
4146 16612
0.01
2007 20404
0.1
13931 12124
0.000001
27674 32681
0.001
15778 20809
0.0001
17245 31754
0.00001
1041 26121
0.00001
13934 31459
0.0001
22127 10668
0.00000001
29958 26335
0.01
8517 27906
0.001
4338 9748
0.00001
19334 8506
0.00001
14884 7292
0.1
1394 13170
0.0000001
4985 19675
0.0000001
18418 28350
0.01
26202 30224
0.01
16363 7055
0.1
3955 1017
0.00001
15936 18821
0.0000001
10561 29303
0.1
20596 11538
0.00000001
18727 9785
0.00000001
12079 19572
0.000001
10816 4683
0.01
1809 28659
0.1
27954 4772
0.01
5531 30567
0.001
13992 812
0.0000001
30483 27497
0.01
32320 6118
0.00001
9131 27339
0.1
24078 9803
0.00000001
18783 1313
0.0000001
14088 14586
0.00001
15673 14718
0.000001
6381 15932
0.001
31232 15549
0.00001
7308 14108
0.001
23425 27878
0.1
21883 20477
0.0001
19695 32655
0.0001
15506 3312
0.0001
17933 5967
0.01
1739 833
0.000001
1569 4246
0.1
21597 18157
0.1
19680 4234
0.01
4643 3585
0.001
12497 16569
0.0001
23472 25872
0.00000001
28640 14530
0.00001
13983 30532
0.1
527 29506
0.000001
12292 12734
0.0001
8073 23969
0.0001
19206 15662
0.00001
8841 10909
0.0000001
23560 14840
0.1
719 7587
0.000001
28140 10823
0.00001
27544 6481
0.000001
14169 21190
0.01
28243 26040
0.1
1032 26124
0.1
25485 29501
0.1
23170 22493
0.0000001
30922 25888
0.00001
8407 3259
0.01
1341 31511
0.0000001
9014 3986
0.1
22697 4995
0.1
13681 23130
0.000001
7882 2082
0.0001
17611 24578
0.00000001
30484 9552
0.01
8618 13576
0.01
21427 47
0.0001
8442 16770
0.00000001
25609 2647
0.00000001
876 8840
0.1
3614 470
0.001
25813 6724
0.0000001
6087 21160
0.01
24659 29962
0.00001
27492 15092
0.001
9736 28490
0.01
11652 5549
0.0001
1417 15164
0.0001
28637 10087
0.000001
31827 5776
0.1
848 14213
0.0000001
14819 16273
0.00001
3565 13320
0.0000001
21319 22132
0.00000001
27459 10403
0.01
7741 8911
0.0001
19535 489
0.001
28735 7784
0.00000001
23021 31655
0.0000001
22546 24030
0.01
6048 17871
0.00001
26786 17627
0.000001
15870 28028
0.00000001
25182 14031
0.00000001
2862 32754
0.01
1111 30308
0.01
27956 15282
0.001
8376 29995
0.00001
15617 2035
0.00000001
18567 16944
0.001
21125 25885
0.01
4266 24957
0.000001
22826 10526
0.000001
9881 28589
0.1
18829 12462
0.0000001
13652 23585
0.0000001
6219 19168
0.00000001
2923 2423
0.001
21305 5776
0.00000001
6464 5966
0.0000001
23911 24970
0.00000001
19149 18818
0.01
4020 26502
0.000001
646 16481
0.1
1770 9031
0.00001
9026 21129
0.000001
10642 20099
0.0001
13604 9324
0.00000001
16123 15707
0.000001
22009 25270
0.1
7738 2187
0.00001
24471 7166
0.001
22273 1438
0.000001
3849 27537
0.1
3993 28360
0.000001
3517 18996
0.01
31347 25655
0.000001
6636 15150
0.1
2820 12015
0.00001
15854 31488
0.0000001
17635 29084
0.000001
7742 8849
0.01
29036 19925
0.01
29784 11448
0.1
1869 1225
0.00001
24758 17764
0.000001
27848 20556
0.0001
26778 4321
0.00001
18588 11711
0.001
17508 32477
0.000001
7871 9795
0.000001
10660 4156
0.0000001
19837 22591
0.00001
2092 2024
0.00001
29845 13342
0.001
21453 7697
0.00000001
13159 4807
0.00000001
31874 19100
0.00001
19544 5713
0.000001
13621 26299
0.0000001
27370 13773
0.00000001
11623 3804
0.1
22346 31554
0.0000001
31837 9588
0.00001
7479 26426
0.01
15523 27724
0.01
26000 12128
0.01
19716 11617
0.0001
18672 13865
0.00000001
26692 11638
0.000001
1820 14207
0.01
22339 29152
0.1
8753 19168
0.00001
31062 4156
0.000001
11735 5495
0.000001
19692 6672
0.01
478 26383
0.1
5859 3969
0.0000001
15634 4860
0.1
20766 27553
0.1
28718 12871
0.000001
14637 8722
0.0001
12847 11966
0.0000001
15916 6366
0.01
5752 3772
0.001
14634 6874
0.01
21130 1988
0.00001
23984 15863
0.1
9276 29247
0.1
14400 5701
0.00001
2733 25348
0.01
28393 6547
0.00000001
29556 32629
0.001
23617 8436
0.1
27316 10055
0.00001
5981 19605
0.00000001
30748 23388
0.01
7081 930
0.001
27645 27452
0.000001
6571 11566
0.0000001
18175 31488
0.1
5654 24662
0.1
27668 29146
0.00000001
28336 31011
0.1
16323 25977
0.00001
13575 3274
0.0000001
2269 12538
0.000001
7390 29535
0.1
9783 9768
0.1
4312 22042
0.0001
18947 15923
0.00001
27096 14523
0.01
14043 27441
0.1
22013 6576
0.00001
17311 15864
0.001
16977 22539
0.1
688 3131
0.0001
9854 24430
0.1
7724 12528
0.000001
29733 31085
0.000001
7745 30054
0.000001
13234 24861
0.0001
12202 15253
0.000001
5816 8397
0.0001
28657 12941
0.0000001
3135 11029
0.00000001
4625 17424
0.000001
15758 22460
0.00001
10630 5821
0.00001
23121 16941
0.01
25336 595
0.00000001
20780 19058
0.1
14582 15348
0.00000001
3609 31461
0.1
6277 24183
0.00000001
10797 9248
0.00000001
15472 22302
0.0000001
12425 28114
0.0001
6039 14678
0.0001
19111 13947
0.000001
17838 7244
0.000001
23117 13641
0.0001
30513 31596
0.01
20927 14469
0.00000001
30841 12086
0.01
2828 24654
0.00000001
7465 1514
0.1
1418 10397
0.00001
20604 23539
0.00000001
23775 18110
0.00000001
8210 25115
0.0001
3879 7625
0.000001
6733 5110
0.01
20498 10939
0.00001
6758 19196
0.001
17689 5185
0.1
27576 27467
0.01
11033 21336
0.0000001
23287 27926
0.001
8169 320
0.01
10062 4627
0.001
10965 3205
0.0000001
7831 30877
0.1
13564 14854
0.001
22318 1597
0.000001
32519 14396
0.000001
16134 25038
0.01
21425 31281
0.0000001
27410 31110
0.01
20244 23788
0.000001
796 27525
0.000001
8383 5437
0.1
9628 10163
0.0000001
17146 23845
0.00000001
31798 22557
0.000001
19404 8024
0.001
17633 6412
0.001
19602 17541
0.000001
7397 23692
0.01
15184 6506
0.0001
12853 3355
0.00001
11527 21985
0.01
29908 12733
0.00000001
19116 27747
0.1
17721 2470
0.01
29334 18103
0.000001
15866 24624
0.1
30341 16327
0.00000001
26147 18921
0.000001
27271 21460
0.000001
9984 8656
0.00001
4966 30584
0.00000001
6988 2584
0.00001
17259 6976
0.001
1780 30228
0.1
27285 25794
0.000001
19966 27412
0.1
23447 26482
0.01
26159 17496
0.000001
22837 30380
0.0001
21119 27243
0.000001
30688 22448
0.0001
2180 10364
0.000001
19869 30076
0.001
32600 10901
0.0001
24215 4550
0.0000001
25769 17854
0.01
16119 5515
0.01
24555 1901
0.0001
4807 26859
0.000001
13545 15316
0.0000001
31515 27979
0.00000001
20020 13037
0.00001
11181 9712
0.00001
3339 6734
0.1
26284 6805
0.0000001
32733 22062
0.00000001
1144 23722
0.00000001
8572 28201
0.0000001
2932 9015
0.1
21128 29342
0.01
16450 31393
0.0001
11204 17846
0.01
4348 23741
0.00000001
25432 32642
0.01
24141 31480
0.00001
6183 18093
0.0000001
31599 26494
0.00000001
15808 32687
0.001
23169 27551
0.01
26777 12941
0.0001
19632 2282
0.00000001
11663 2948
0.0001
5669 12215
0.0000001
30951 30006
0.01
25529 28946
0.01
60 2859
0.00001
1245 11077
0.01
4131 6600
0.000001
13878 14200
0.0000001
16750 7439
0.001
23011 17434
0.1
27471 16829
0.000001
16482 6936
0.0000001
16079 25760
0.0000001
12681 25602
0.1
11597 31300
0.1
18208 20918
0.00000001
24337 15685
0.001
29423 26667
0.01
24582 3041
0.0000001
18525 29289
0.0001
6208 3490
0.0000001
26112 10711
0.01
29401 8258
0.01
13732 18279
0.00000001
4425 14091
0.01
14770 3141
0.0000001
25158 23139
0.00001
21762 4882
0.001
15050 23879
0.0001
30333 15323
0.1
29915 15588
0.001
25627 5187
0.0001
27420 649
0.01
6427 2712
0.0000001
14686 31401
0.01
22925 21974
0.0000001
18846 13227
0.001
20866 5561
0.1